200  0.095317
200  0.097954
200  0.099806
200  0.097559
200  0.098385
200  0.099610
200  0.098416
200  0.098662
200  0.100296
200  0.099370
200  0.099513
200  0.099165
200  0.100521
200  0.099896
200  0.099663
200  0.099211
200  0.098651
200  0.099211
200  0.100271
200  0.097935
200  0.098290
200  0.099448
200  0.099071
200  0.099742
200  0.099435
200  0.099600
200  0.099549
200  0.099795
200  0.100071
200  0.099380
200  0.099617
200  0.099619
200  0.099215
200  0.099739
200  0.099259
200  0.099575
200  0.099278
200  0.099281
200  0.098777