0.025000  0.095317
0.050000  0.097954
0.075000  0.099806
0.100000  0.097559
0.125000  0.098385
0.150000  0.099610
0.175000  0.098416
0.200000  0.098662
0.225000  0.100296
0.250000  0.099370
0.275000  0.099513
0.300000  0.099165
0.325000  0.100521
0.350000  0.099896
0.375000  0.099663
0.400000  0.099211
0.425000  0.098651
0.450000  0.099211
0.475000  0.100271
0.500000  0.097935
0.525000  0.098290
0.550000  0.099448
0.575000  0.099071
0.600000  0.099742
0.625000  0.099435
0.650000  0.099600
0.675000  0.099549
0.700000  0.099795
0.725000  0.100071
0.750000  0.099380
0.775000  0.099617
0.800000  0.099619
0.825000  0.099215
0.850000  0.099739
0.875000  0.099259
0.900000  0.099575
0.925000  0.099278
0.950000  0.099281
0.975000  0.098777
